vsp = 0;
image_xscale = 2.883012;
image_yscale = 2.830061;